8.427 8.041 
8.073 9.5 
9.276 0.756 
3.168 8.252 
9.869 1.65 
6.021 2.411 
5.587 4.969 
8.68 6.343 
4.16 9.897 
7.405 2.694 
2.648 9.269 
0.141 1.353 
3.141 2.926 
0.247 9.55 
4.916 6.276 
1.191 9.695 
4.317 5.617 
9.195 3.593 
6.373 8.716 
8.198 2.594 
6.718 4.219 
5.005 2.305 
5.54 0.038 
8.648 9.7 
9.935 2.405 
8.746 8.935 
1.674 8.887 
6.64 1.167 
1.813 3.239 
0.717 3.081 
9.516 8.261 
9.129 0.185 
3.878 8.324 
3.779 0.251 
3.392 1.977 
9.197 0.11 
6.196 0.554 
8.767 8.089 
0.592 3.767 
7.789 6.879 
6.172 2.888 
5.814 4.198 
1.775 8.806 
5.365 9.941 
2.046 2.435 
9.374 7.914 
0.696 8.503 
8.099 0.926 
3.18 8.23 
7.529 6.572 
0.207 6.726 
3.035 2.756 
7.28 8.154 
0.845 7.873 
8.274 4.986 
4.752 0.798 
7.874 6.919 
4.997 6.002 
2.077 6.714 
5.943 0.475 
9.149 5.317 
8.389 6.197 
3.821 6.489 
7.123 7.001 
4.719 1.004 
9.925 1.279 
4.082 9.312 
0.387 1.363 
3.819 7.584 
5.588 2.093 
2.57 6.692 
2.891 6.797 
9.963 4.24 
9.151 2.041 
0.955 5.094 
2.516 6.456 
6.763 7.258 
2.654 6.936 
3.747 6.129 
0.289 4.818 
7.134 6.567 
6.097 1.216 
5.879 6.484 
8.931 6.05 
0.42 0.871 
8.143 2.991 
7.564 7.387 
6.14 3.879 
7.979 5.291 
2.272 5.286 
6.737 4.789 
1.743 9.852 
8.399 4.397 
6.789 2.146 
0.526 3.43 
6.964 4.012 
9.997 9.414 
5.229 2.229 
2.25 0.512 
8.279 2.671 
