4.774 8.549 
0.236 0.632 
3.489 1.408 
7.488 5.06 
7.697 9.233 
1.056 9.611 
8.72 8.324 
8.199 5.127 
8.166 4.457 
6.882 1.747 
4.941 4.787 
4.6 7.439 
4.431 1.965 
8.538 4.829 
0.12 6.706 
5.939 4.894 
5.255 6.176 
1.878 5.096 
3.936 5.719 
0.156 1.634 
4.952 7.564 
7.597 3.672 
2.24 5.796 
5.152 6.758 
6.606 2.034 
4.858 7.899 
6.821 5.81 
5.338 7.605 
7.775 0.228 
2.434 7.895 
6.934 8.373 
9.141 8.541 
0.901 7.372 
3.638 4.838 
3.091 0.146 
2.824 4.395 
7.711 6.773 
4.419 6.303 
2.569 9.571 
9.414 5.527 
7.957 4.272 
3.426 1.131 
0.082 8.764 
8.736 7.858 
5.344 1.17 
2.105 2.278 
5.895 7.599 
0.82 6.797 
1.323 0.81 
7.987 4.414 
0.956 0.811 
5.161 8.667 
7.584 9.58 
1.323 6.505 
5.504 0.737 
2.033 3.461 
5.009 5.459 
4.592 1.443 
0.576 9.68 
9.301 5.92 
0.85 7.759 
4.551 3.098 
1.71 1.723 
9.895 3.033 
2.533 7.882 
3.799 3.489 
5.045 8.96 
8.509 8.981 
4.892 9.832 
1.838 0.396 
6.921 0.223 
0.21 8.282 
5.683 1.154 
9.725 2.611 
0.835 5.379 
4.883 8.037 
3.138 5.786 
1.135 1.2 
7.509 1.03 
4.233 6.394 
5.264 8.032 
9.884 6.661 
6.992 4.745 
5.642 8.236 
0.929 7.481 
8.633 7.85 
7.704 5.195 
6.132 9.739 
6.349 2.209 
8.702 7.184 
7.588 3.586 
1.574 7.078 
9.372 2.709 
8.278 3.234 
0.092 2.511 
9.628 1.708 
6.895 5.864 
8.37 3.887 
0.609 4.012 
8.476 1.538 
7.845 3.461 
5.74 1.902 
8.656 1.872 
7.993 5.005 
0.434 6.696 
8.542 8.022 
6.634 6.468 
1.453 2.358 
9.177 9.731 
1.944 5.621 
8.595 1.573 
7.33 5.49 
7.437 5.7 
5.73 4.399 
6.064 4.206 
5.937 0.262 
7.667 1.678 
8.516 2.675 
9.902 6.509 
4.032 0.336 
9.557 2.574 
4.711 2.543 
5.394 6.164 
1.254 0.924 
2.247 3.198 
6.545 0.842 
4.771 0.227 
2.685 8.561 
2.279 4.767 
2.96 8.344 
5.325 8.897 
4.958 2.992 
6.927 9.826 
5.667 6.83 
6.335 6.051 
3.518 2.245 
4.978 8.229 
4.788 0.372 
4.393 2.394 
1.296 2.993 
5.593 7.842 
3.835 0.364 
4.421 2.872 
5.277 6.701 
7.639 8.237 
1.397 2.964 
3.487 6.355 
2.308 6.766 
6.181 4.327 
3.596 8.868 
0.379 3.467 
7.465 5.357 
1.696 8.606 
5.729 2.442 
1 3.378 
5.435 6.593 
7.572 5.622 
3.31 1.993 
8.495 8.587 
8.694 2.486 
3.177 0.091 
1.803 3.016 
2.798 0.463 
9.782 5.331 
4.791 9.731 
4.2 1.522 
3.198 8.017 
3.231 1.246 
6.623 5.312 
3.688 7.624 
8.69 5.475 
0.569 6.262 
1.098 3.879 
8.256 5.945 
8.819 3.302 
4.783 1.996 
3.394 6.586 
1.364 6.192 
7.05 7.498 
1.524 8.193 
7.229 2.076 
6.067 6.779 
0.093 9.298 
8.026 3.069 
4.61 8.066 
0.693 9.653 
3.542 1.262 
5.915 0.992 
1.494 0.523 
6.937 0.313 
3.826 1.72 
8.661 7.22 
4.659 0.025 
9.764 8.061 
7.523 7.64 
6.254 1.105 
6.068 8.673 
7.884 2.514 
7.971 2.262 
5.583 8.933 
6.681 6.276 
8.586 6.575 
3.89 0.854 
7.567 5.384 
1.377 0.856 
2.049 1.555 
2.576 0.71 
8.775 7.235 
7.087 4.892 
1.648 0.963 
8.884 7.902 
8.42 4.953 
2.927 2.656 
7.467 0.898 
4.919 9.402 
6.184 7.952 
2.03 1.122 
4.527 5.92 
1.976 8.446 
7.657 9.706 
9.302 6.058 
1.261 1.878 
6.769 0.037 
5.466 0.208 
1.281 7.114 
7.523 0.165 
1.369 5.943 
1.47 0.648 
8.6 8.937 
1.547 9.871 
8.339 4.083 
7.823 0.369 
5.205 8.702 
2.642 7.182 
7.148 6.651 
6.888 6.45 
2.709 8.149 
4.68 5.83 
4.538 6.498 
2.391 5.819 
3.613 9.914 
2.337 1.334 
5.858 3.807 
1.982 0.81 
9.097 9.881 
0.681 3.788 
3.964 4.856 
0.51 5.522 
3.558 3.152 
2.704 7.058 
6.155 5.944 
3.508 8.864 
4.093 4.54 
1.047 4.984 
1.039 3.438 
7.155 1.004 
3.352 9.492 
2.338 5.562 
9.652 0.672 
6.372 8.749 
6.906 3.405 
8.889 7.222 
8.261 9.399 
2.744 8.171 
8.903 5.448 
5.229 5.058 
7.744 5.089 
3.923 8.19 
9.63 1.322 
3.174 0.669 
4.76 6.681 
1.673 8.112 
6.174 0.363 
0.027 2.178 
1.035 6.399 
7.279 7.941 
6.157 6.168 
1.516 4.418 
5.568 4.26 
2.59 4.471 
6.061 4.171 
9.53 3.805 
9.261 9.805 
1.995 8.891 
7.479 1.521 
5.912 2.239 
8.203 7.585 
6.703 0.729 
7.948 6.73 
2.907 5.335 
9.482 0.186 
9.629 5.639 
2.706 1.145 
6.409 8.274 
5.405 8.999 
9.098 7.818 
9.523 4.98 
1.624 8.784 
1.137 9.971 
4.027 8.616 
7.845 9.939 
0.855 6.048 
7.524 7.558 
6.777 1.824 
0.641 6.036 
3.511 6.475 
2.574 3.14 
2.114 5.28 
0.637 8.523 
9.907 2.395 
3.875 9.005 
0.213 3.398 
3.985 8.189 
8.534 5.122 
8.161 2.561 
0.09 6.006 
2.5 0.945 
8.406 6.376 
4.855 1.535 
4.552 1.848 
3.923 8.063 
8.323 6.497 
7.556 0.437 
8.129 8.193 
5.313 8.036 
0.588 5.54 
3.393 7.154 
8.938 7.378 
5.343 3.824 
8.852 9.856 
6.385 8.942 
2.214 5.237 
6.239 0.62 
7.965 7.447 
2.155 2.517 
9.295 2.43 
6.932 7.619 
8.927 4.488 
4.408 7.057 
9.034 6.073 
1.445 9.622 
1.613 4.839 
6.776 6.903 
8.569 8.472 
0.727 7.422 
8.328 3.464 
2.716 0.543 
8.701 5.308 
7.515 3.018 
2.755 6.023 
5.535 8.402 
8.453 2.468 
2.373 7.381 
3.308 6.782 
0.79 2.342 
9.207 8.587 
8.317 7.173 
3.426 1.445 
0.428 1.996 
9.917 1.156 
5.77 4.598 
0.972 4.838 
5.141 6.026 
0.146 9.008 
9.044 9.253 
5.031 0.932 
4.008 3.485 
3.4 6.381 
7.218 3.06 
9.515 4.36 
5.403 8.723 
2.947 3.72 
2.248 6.374 
5.165 2.676 
4.722 1.435 
0.184 0.492 
6.033 1.157 
1.682 7.526 
7.183 8.181 
6.534 2.579 
3.786 7.918 
3.511 7.794 
1.403 3.263 
4.176 4.973 
6.324 0.043 
5.685 8.079 
5.118 8.632 
1.799 7.366 
1.358 3.316 
0.043 2.432 
1.103 6.579 
9.276 7.136 
7.736 0.959 
4.662 1.271 
9.14 7.549 
3.851 2.926 
5.467 3.714 
7.073 3.222 
6.978 7.601 
4.547 9.654 
7.644 0.232 
7.733 9.115 
5.216 5.884 
6.481 6.575 
5.552 2.876 
5.359 6.656 
9.456 4.636 
3.792 3.544 
5.595 4.807 
4.816 1.087 
8.708 5.019 
0.365 4.175 
5.085 7.438 
3.749 2.063 
5.039 8.296 
8.069 9.036 
4.88 2.154 
8.151 0.096 
8.038 0.984 
3.023 3.591 
3.861 8.383 
6.599 9.669 
3.019 0.391 
3.213 4.966 
1.55 4.381 
6.053 0.258 
5.752 2.77 
0.785 0.838 
0.209 4.534 
9.253 1.6 
9.182 7.323 
6.988 4.062 
9.477 5.139 
4.159 3.868 
6.124 7.182 
3.811 6.337 
5.565 0.41 
2.358 4.936 
7.153 5.571 
9.902 8.704 
6.305 2.307 
5.314 2.057 
5.078 6.1 
9.247 1.639 
6.986 8.501 
9.591 6.169 
2.176 6.58 
6.583 8.005 
8.071 0.742 
1.873 0.547 
4.277 2.036 
6.884 6.194 
2.446 5.594 
1.131 5.952 
1.166 7.385 
1.008 3.823 
9.693 6.322 
2.232 1.123 
8.774 1.48 
2.762 2.113 
9.981 8.705 
4.634 8.509 
5.285 1.217 
6.514 3.357 
1.96 4.74 
3.904 2.589 
6.776 7.141 
8.783 5.575 
2.735 6.266 
7.879 0.253 
3.652 8.887 
4.076 9.697 
1.561 6.309 
7.172 0.336 
4.141 6.286 
8.801 0.474 
4.991 3.435 
8.983 0.277 
4.652 1.849 
3.634 2.964 
2.941 3.89 
5.553 6.07 
7.383 0.689 
1.645 0.119 
6.955 9.524 
0.372 6.959 
4.763 0.801 
3.008 6.324 
3.462 0.18 
3.012 7.603 
6.466 1.813 
8.077 1.458 
5.248 3.412 
1.735 6.253 
5.261 1.721 
9.217 8.203 
1.963 1.123 
0.625 9.347 
1.812 2.27 
9.466 5.119 
8.146 6.19 
8.431 9.261 
3.343 1.439 
5.585 3.157 
7.972 8.598 
0.76 4.438 
0.411 5.189 
2.248 2.012 
4.953 0.335 
8.265 0.215 
8.408 3.834 
4.77 0.372 
4.957 5.395 
6.071 3.121 
4.017 1.889 
8.241 8.515 
8.079 3.024 
7.776 7.775 
4.463 9.713 
0.932 2.435 
4.663 8.045 
3.226 5.075 
9.586 5.474 
3.439 4.54 
5.81 8.056 
1.107 0.57 
1.89 2.229 
0.942 6.848 
7.624 7.013 
9.969 7.993 
8.902 4.562 
2.86 3.334 
7.586 6.988 
7.461 8.402 
6.701 4.745 
7.189 1.365 
2.79 6.767 
2.792 8.729 
2.242 2.583 
3.269 4.404 
0.639 4.376 
4.974 2.529 
2.957 2.269 
5.729 6.933 
5.634 2.051 
4.926 4.537 
6.613 4.138 
4.223 0.552 
1.126 8.036 
5.306 4.179 
2.781 2.495 
1.896 1.924 
9.263 1.04 
0.653 7.857 
9.975 3.922 
8.613 0.614 
4.65 9.939 
9.496 7.607 
2.208 5.225 
4.54 7.843 
7.276 5.818 
8.732 0.242 
9.956 9.307 
7.146 7.434 
7.343 2.452 
7.965 6.476 
1.299 6.214 
8.4 6.914 
3.606 9.053 
1.123 3.582 
9.327 9.736 
0.548 3.977 
9.676 0.044 
7.936 8.236 
1.622 8.828 
2.431 8.898 
0.998 7.515 
5.492 7.306 
6.822 2.638 
4.74 0.517 
1.442 9.058 
6.994 9.094 
1.624 5.394 
6.008 5.23 
0.8 7.132 
5.164 0.127 
3.22 5.713 
0.457 2.896 
2.109 4.745 
7.485 3.731 
3.574 9.916 
8.982 4.572 
7.432 4.474 
1.879 0.606 
3.465 2.971 
7.476 1.259 
8.381 4.47 
0.353 0.005 
6.216 2.714 
1.588 7.016 
9.846 3.104 
3.496 9.418 
8.817 0.305 
8.667 7.279 
5.05 6.152 
1.01 4.976 
2.42 9.992 
5.901 9.852 
0.819 4.132 
6.811 0.636 
3.455 4.287 
1.895 1.837 
8.757 8.601 
8.194 1.325 
1.315 6.134 
4.694 7.513 
9.239 8.19 
6.931 4.408 
4.847 5.598 
1.687 9.897 
1.75 9.05 
4.874 4.171 
9.042 0.775 
0.375 6.213 
4.907 7.186 
6.849 8.362 
1.473 8.745 
6.551 6.582 
3.698 1.098 
4.26 5.013 
7.232 8.954 
2.526 2.823 
3.496 9.457 
7.232 8.343 
1.408 5.271 
4.592 9.51 
4.321 9.466 
0.033 9.716 
6.593 0.409 
5.929 7.852 
3.947 2.779 
2.567 1.773 
7.876 9.118 
4.707 1.574 
6.568 8.967 
2.939 3.801 
4.273 5.465 
6.624 7.769 
1.274 0.208 
2.464 9.034 
5.48 7.057 
8.545 6.153 
2.875 8.578 
5.869 9.469 
5.339 1.799 
3.673 5.639 
0.93 6.24 
3.764 5.158 
1.711 8.471 
3.084 4.631 
3.791 6.023 
8.432 8.064 
7.84 1.409 
2.186 5.466 
7.969 1.002 
4.501 3.449 
8.059 9.398 
9.603 0.935 
7.976 1.824 
6.756 9.668 
3.623 6.781 
1.659 0.905 
9.374 5.423 
2.415 1.085 
0.246 5.499 
5.716 4.037 
7.874 0.501 
8.454 5.714 
8.262 0.64 
7.533 6.231 
1.642 2.034 
6.033 6.054 
1.432 1.988 
3.341 5.76 
3.812 0.097 
1.78 3.788 
3.23 3.439 
1.045 2.604 
5.214 3.461 
0.041 5.461 
8.96 2.11 
9.498 3.187 
2.611 4.304 
8.901 7.225 
1.296 2.786 
9.808 2.939 
4.82 2.193 
5.345 2.604 
4.181 8.686 
8.365 4.346 
5.135 0.145 
4.486 8.365 
9.937 5.531 
0.97 5.151 
5.344 1.011 
0.612 0.657 
3.121 6.463 
3.844 2.084 
0.767 9.097 
5.661 2.064 
1.884 5.47 
1.355 6.704 
7.663 6.7 
9.309 8.197 
1.738 4.026 
2.543 6.873 
0.523 3.381 
1.59 0.46 
5.264 2.56 
1.964 0.609 
9.924 2.576 
1.266 9.397 
5.391 5.11 
7.834 6.159 
4.207 3.495 
4.575 6.091 
8.965 5.93 
9.148 2.981 
8.982 4.809 
1.178 0.72 
8.835 0.073 
3.945 5.71 
3.454 5.535 
2.523 8.718 
4.448 4.487 
5.679 0.724 
3.415 6.945 
6.473 8.807 
8.407 4.307 
1.318 2.615 
7.803 5.893 
5.058 3.12 
8.175 4.206 
2.453 3.509 
5.367 3.631 
0.581 0.554 
3.704 4.526 
6.265 3.51 
6.413 8.788 
8.581 7.213 
3.275 4.26 
7.937 6.69 
7.558 0.763 
1.849 5.965 
5.07 3.167 
4.932 9.225 
5.412 9.991 
8.698 3.587 
0.549 1.151 
7.096 5.917 
4.783 4.029 
6.471 4.839 
8.555 2.736 
4.702 1.321 
7.876 3.283 
4.886 7.503 
3.895 2.824 
0.546 7.805 
3.587 2.395 
3.771 5.009 
1.915 8.703 
4.235 7.327 
8.694 2.933 
0.915 5.596 
0.436 4.363 
1.513 5.219 
8.393 4.336 
6.411 3.3 
3.425 1.113 
0.973 1.301 
0.748 5.86 
8.805 0.995 
5.036 5.703 
8.801 4.975 
8.098 8.924 
9.984 0.013 
7.627 0.571 
7.341 2.674 
9.856 4.608 
8.27 0.293 
5.323 6.135 
1.864 0.068 
0.471 4.627 
9.721 3.896 
5.74 0.694 
1.55 2.84 
2.906 0.355 
0.188 7.942 
6.058 8.989 
9.269 0.508 
7.913 9.254 
6.874 1.892 
6.177 0.567 
4.566 6.034 
5.175 9.188 
2.679 0.498 
1.675 0.895 
6.919 2.147 
5.523 6.64 
2.395 7.615 
3.686 3.945 
0.456 6.593 
4.3 0.644 
0.887 6.71 
5.985 0.157 
3.571 3.898 
5.763 0.445 
2.142 1.94 
1.012 3.061 
4.326 2.539 
2.249 7.005 
9.389 3.925 
4.253 6.308 
2.424 9.776 
9.3 4.819 
7.391 2.987 
8.765 4.199 
9.58 9.417 
4.843 0.467 
2.48 7.18 
6.976 6.051 
7.43 2.739 
2.848 9.573 
4.68 0.212 
2.634 9.006 
2.751 1.235 
2.364 2.14 
5.16 6.617 
4.801 3.936 
2.745 4.101 
8.756 0.136 
7.088 3.873 
4.336 3.02 
3.29 5.531 
9.84 2.122 
2.712 6.816 
8.173 6.494 
9.556 7.373 
6.067 0.588 
7.585 8.701 
5.946 6.688 
6.289 4.662 
5.181 1.449 
7.631 9.982 
1.738 0.376 
0.435 0.494 
0.513 7.524 
0.719 1.201 
6.896 0.361 
6.732 3.088 
2.484 5.796 
6.257 7.009 
8.643 2.165 
4.383 4.71 
2.753 8.32 
9.764 5.051 
5.009 6.053 
9.714 0.19 
3.854 7.345 
6.524 5.592 
7.722 6.959 
2.438 4.587 
0.835 3.157 
5.788 7.732 
3.519 8.872 
7.172 6.003 
1.021 3.429 
9.364 9.664 
5.594 3.747 
4.374 8.347 
8.42 0.49 
3.399 3.429 
6.543 9.465 
9.971 6.75 
6.81 6.495 
2.342 4.532 
3.454 1.133 
5.471 4.29 
0.642 1.259 
8.374 4.161 
6.484 5.546 
6.516 7.505 
8.976 2.233 
7.169 4.57 
5.98 7.895 
9.27 4.4 
4.738 9.021 
4.181 7.633 
8.486 4.152 
4.383 5.296 
6.999 3.078 
6.181 0.454 
0.563 1.652 
1.096 1.205 
9.264 9.47 
1.719 5.748 
1.368 4.587 
3.253 0.344 
6.82 6.774 
1.267 2.801 
1.021 0.537 
3.553 5.759 
9.558 4.087 
3.393 4.396 
4.591 4.128 
9.692 1.591 
7.206 2.225 
8.397 4.121 
0.23 9.493 
5.327 9.494 
5.315 7.046 
1.594 6.683 
1.633 1.199 
7.028 8.454 
4.325 4.647 
7.607 5.346 
5.184 7.512 
7.458 1.094 
1.599 0.851 
5.49 6.191 
1.331 1.534 
4.134 4.89 
0.112 2.531 
9.011 6.694 
2.024 4.338 
6.188 7.339 
7.736 4.134 
0.374 5.722 
5.333 7.402 
4.176 9.658 
2.049 8.135 
1.356 3.585 
1.999 8.814 
1.031 9.951 
6.017 2.873 
2.494 7.349 
0.76 6.628 
8.591 0.872 
9.159 7.602 
7.566 7.535 
8.293 0.106 
1.226 6.029 
4.24 1.6 
1.751 5.925 
9.003 2.279 
1.935 7.404 
6.766 9.643 
7.342 5.118 
8.458 8.373 
5.069 0.827 
1.247 7.563 
4.528 2.007 
4.191 3.119 
9.231 9.702 
7.074 3.149 
7.237 5.367 
3.255 8.463 
7.748 3.847 
0.063 5.852 
6.124 5.418 
4.483 8.059 
9.175 1.25 
7.702 2.869 
6.368 2.512 
1.242 7.789 
3.34 8.841 
5.352 7.868 
7.2 5.895 
7.34 2.783 
5.597 4.414 
5.932 9.186 
9.781 9.187 
7.649 3.881 
9.386 4.064 
9.733 5.51 
5.835 4.217 
9.921 1.362 
1.819 3.976 
0.583 4.539 
2.84 1.825 
2.328 6.18 
7.019 4.032 
0.401 0.571 
9.927 4.093 
3.355 5.524 
8.507 9.287 
4.71 4.64 
4.827 8.711 
8.521 4.213 
9.127 4.607 
